1 20
0.0 1
0.0 2
0.0 3
0.0 4
0.0 5
0.0 6
0.0 7
0.0 8
0.0 9
0.0 10
0.0 11
0.0 12
0.0 13
0.0 14
0.0 15
0.0 16
0.0 17
0.0 18
0.0 19
0.0 20
0.01 1
0.01 2
0.01 3
0.01 4
0.01 5
0.01 6
0.01 7
0.01 8
0.01 9
0.01 10
0.01 11
0.01 12
0.01 13
0.01 14
0.01 15
0.01 16
0.01 17
0.01 18
0.01 19
0.01 20
0.02 1
0.02 2
0.02 3
0.02 4
0.02 5
0.02 6
0.02 7
0.02 8
0.02 9
0.02 10
0.02 11
0.02 12
0.02 13
0.02 14
0.02 15
0.02 16
0.02 17
0.02 18
0.02 19
0.02 20
0.03 1
0.03 2
0.03 3
0.03 4
0.03 5
0.03 6
0.03 7
0.03 8
0.03 9
0.03 10
0.03 11
0.03 12
0.03 13
0.03 14
0.03 15
0.03 16
0.03 17
0.03 18
0.03 19
0.03 20
0.04 1
0.04 2
0.04 3
0.04 4
0.04 5
0.04 6
0.04 7
0.04 8
0.04 9
0.04 10
0.04 11
0.04 12
0.04 13
0.04 14
0.04 15
0.04 16
0.04 17
0.04 18
0.04 19
0.04 20
0.05 1
0.05 2
0.05 3
0.05 4
0.05 5
0.05 6
0.05 7
0.05 8
0.05 9
0.05 10
0.05 11
0.05 12
0.05 13
0.05 14
0.05 15
0.05 16
0.05 17
0.05 18
0.05 19
0.05 20
0.060000002 1
0.060000002 2
0.060000002 3
0.060000002 4
0.060000002 5
0.060000002 6
0.060000002 7
0.060000002 8
0.060000002 9
0.060000002 10
0.060000002 11
0.060000002 12
0.060000002 13
0.060000002 14
0.060000002 15
0.060000002 16
0.060000002 17
0.060000002 18
0.060000002 19
0.060000002 20
0.07 1
0.07 2
0.07 3
0.07 4
0.07 5
0.07 6
0.07 7
0.07 8
0.07 9
0.07 10
0.07 11
0.07 12
0.07 13
0.07 14
0.07 15
0.07 16
0.07 17
0.07 18
0.07 19
0.07 20
0.08 1
0.08 2
0.08 3
0.08 4
0.08 5
0.08 6
0.08 7
0.08 8
0.08 9
0.08 10
0.08 11
0.08 12
0.08 13
0.08 14
0.08 15
0.08 16
0.08 17
0.08 18
0.08 19
0.08 20
0.089999996 1
0.089999996 2
0.089999996 3
0.089999996 4
0.089999996 5
0.089999996 6
0.089999996 7
0.089999996 8
0.089999996 9
0.089999996 10
0.089999996 11
0.089999996 12
0.089999996 13
0.089999996 14
0.089999996 15
0.089999996 16
0.089999996 17
0.089999996 18
0.089999996 19
0.089999996 20
0.099999994 1
0.099999994 2
0.099999994 3
0.099999994 4
0.099999994 5
0.099999994 6
0.099999994 7
0.099999994 8
0.099999994 9
0.099999994 10
0.099999994 11
0.099999994 12
0.099999994 13
0.099999994 14
0.099999994 15
0.099999994 16
0.099999994 17
0.099999994 18
0.099999994 19
0.099999994 20
0.10999999 1
0.10999999 2
0.10999999 3
0.10999999 4
0.10999999 5
0.10999999 6
0.10999999 7
0.10999999 8
0.10999999 9
0.10999999 10
0.10999999 11
0.10999999 12
0.10999999 13
0.10999999 14
0.10999999 15
0.10999999 16
0.10999999 17
0.10999999 18
0.10999999 19
0.10999999 20
0.11999999 1
0.11999999 2
0.11999999 3
0.11999999 4
0.11999999 5
0.11999999 6
0.11999999 7
0.11999999 8
0.11999999 9
0.11999999 10
0.11999999 11
0.11999999 12
0.11999999 13
0.11999999 14
0.11999999 15
0.11999999 16
0.11999999 17
0.11999999 18
0.11999999 19
0.11999999 20
0.13 1
0.13 2
0.13 3
0.13 4
0.13 5
0.13 6
0.13 7
0.13 8
0.13 9
0.13 10
0.13 11
0.13 12
0.13 13
0.13 14
0.13 15
0.13 16
0.13 17
0.13 18
0.13 19
0.13 20
0.14 1
0.14 2
0.14 3
0.14 4
0.14 5
0.14 6
0.14 7
0.14 8
0.14 9
0.14 10
0.14 11
0.14 12
0.14 13
0.14 14
0.14 15
0.14 16
0.14 17
0.14 18
0.14 19
0.14 20
0.15 1
0.15 2
0.15 3
0.15 4
0.15 5
0.15 6
0.15 7
0.15 8
0.15 9
0.15 10
0.15 11
0.15 12
0.15 13
0.15 14
0.15 15
0.15 16
0.15 17
0.15 18
0.15 19
0.15 20
0.16000001 1
0.16000001 2
0.16000001 3
0.16000001 4
0.16000001 5
0.16000001 6
0.16000001 7
0.16000001 8
0.16000001 9
0.16000001 10
0.16000001 11
0.16000001 12
0.16000001 13
0.16000001 14
0.16000001 15
0.16000001 16
0.16000001 17
0.16000001 18
0.16000001 19
0.16000001 20
0.17000002 1
0.17000002 2
0.17000002 3
0.17000002 4
0.17000002 5
0.17000002 6
0.17000002 7
0.17000002 8
0.17000002 9
0.17000002 10
0.17000002 11
0.17000002 12
0.17000002 13
0.17000002 14
0.17000002 15
0.17000002 16
0.17000002 17
0.17000002 18
0.17000002 19
0.17000002 20
0.18000002 1
0.18000002 2
0.18000002 3
0.18000002 4
0.18000002 5
0.18000002 6
0.18000002 7
0.18000002 8
0.18000002 9
0.18000002 10
0.18000002 11
0.18000002 12
0.18000002 13
0.18000002 14
0.18000002 15
0.18000002 16
0.18000002 17
0.18000002 18
0.18000002 19
0.18000002 20
0.19000003 1
0.19000003 2
0.19000003 3
0.19000003 4
0.19000003 5
0.19000003 6
0.19000003 7
0.19000003 8
0.19000003 9
0.19000003 10
0.19000003 11
0.19000003 12
0.19000003 13
0.19000003 14
0.19000003 15
0.19000003 16
0.19000003 17
0.19000003 18
0.19000003 19
0.19000003 20
0.20000003 1
0.20000003 2
0.20000003 3
0.20000003 4
0.20000003 5
0.20000003 6
0.20000003 7
0.20000003 8
0.20000003 9
0.20000003 10
0.20000003 11
0.20000003 12
0.20000003 13
0.20000003 14
0.20000003 15
0.20000003 16
0.20000003 17
0.20000003 18
0.20000003 19
0.20000003 20
0.21000004 1
0.21000004 2
0.21000004 3
0.21000004 4
0.21000004 5
0.21000004 6
0.21000004 7
0.21000004 8
0.21000004 9
0.21000004 10
0.21000004 11
0.21000004 12
0.21000004 13
0.21000004 14
0.21000004 15
0.21000004 16
0.21000004 17
0.21000004 18
0.21000004 19
0.21000004 20
0.22000004 1
0.22000004 2
0.22000004 3
0.22000004 4
0.22000004 5
0.22000004 6
0.22000004 7
0.22000004 8
0.22000004 9
0.22000004 10
0.22000004 11
0.22000004 12
0.22000004 13
0.22000004 14
0.22000004 15
0.22000004 16
0.22000004 17
0.22000004 18
0.22000004 19
0.22000004 20
0.23000005 1
0.23000005 2
0.23000005 3
0.23000005 4
0.23000005 5
0.23000005 6
0.23000005 7
0.23000005 8
0.23000005 9
0.23000005 10
0.23000005 11
0.23000005 12
0.23000005 13
0.23000005 14
0.23000005 15
0.23000005 16
0.23000005 17
0.23000005 18
0.23000005 19
0.23000005 20
0.24000005 1
0.24000005 2
0.24000005 3
0.24000005 4
0.24000005 5
0.24000005 6
0.24000005 7
0.24000005 8
0.24000005 9
0.24000005 10
0.24000005 11
0.24000005 12
0.24000005 13
0.24000005 14
0.24000005 15
0.24000005 16
0.24000005 17
0.24000005 18
0.24000005 19
0.24000005 20
0.25000006 1
0.25000006 2
0.25000006 3
0.25000006 4
0.25000006 5
0.25000006 6
0.25000006 7
0.25000006 8
0.25000006 9
0.25000006 10
0.25000006 11
0.25000006 12
0.25000006 13
0.25000006 14
0.25000006 15
0.25000006 16
0.25000006 17
0.25000006 18
0.25000006 19
0.25000006 20
0.26000005 1
0.26000005 2
0.26000005 3
0.26000005 4
0.26000005 5
0.26000005 6
0.26000005 7
0.26000005 8
0.26000005 9
0.26000005 10
0.26000005 11
0.26000005 12
0.26000005 13
0.26000005 14
0.26000005 15
0.26000005 16
0.26000005 17
0.26000005 18
0.26000005 19
0.26000005 20
0.27000004 1
0.27000004 2
0.27000004 3
0.27000004 4
0.27000004 5
0.27000004 6
0.27000004 7
0.27000004 8
0.27000004 9
0.27000004 10
0.27000004 11
0.27000004 12
0.27000004 13
0.27000004 14
0.27000004 15
0.27000004 16
0.27000004 17
0.27000004 18
0.27000004 19
0.27000004 20
0.28000003 1
0.28000003 2
0.28000003 3
0.28000003 4
0.28000003 5
0.28000003 6
0.28000003 7
0.28000003 8
0.28000003 9
0.28000003 10
0.28000003 11
0.28000003 12
0.28000003 13
0.28000003 14
0.28000003 15
0.28000003 16
0.28000003 17
0.28000003 18
0.28000003 19
0.28000003 20
0.29000002 1
0.29000002 2
0.29000002 3
0.29000002 4
0.29000002 5
0.29000002 6
0.29000002 7
0.29000002 8
0.29000002 9
0.29000002 10
0.29000002 11
0.29000002 12
0.29000002 13
0.29000002 14
0.29000002 15
0.29000002 16
0.29000002 17
0.29000002 18
0.29000002 19
0.29000002 20
0.3 1
0.3 2
0.3 3
0.3 4
0.3 5
0.3 6
0.3 7
0.3 8
0.3 9
0.3 10
0.3 11
0.3 12
0.3 13
0.3 14
0.3 15
0.3 16
0.3 17
0.3 18
0.3 19
0.3 20
0.31 1
0.31 2
0.31 3
0.31 4
0.31 5
0.31 6
0.31 7
0.31 8
0.31 9
0.31 10
0.31 11
0.31 12
0.31 13
0.31 14
0.31 15
0.31 16
0.31 17
0.31 18
0.31 19
0.31 20
0.32 1
0.32 2
0.32 3
0.32 4
0.32 5
0.32 6
0.32 7
0.32 8
0.32 9
0.32 10
0.32 11
0.32 12
0.32 13
0.32 14
0.32 15
0.32 16
0.32 17
0.32 18
0.32 19
0.32 20
0.32999998 1
0.32999998 2
0.32999998 3
0.32999998 4
0.32999998 5
0.32999998 6
0.32999998 7
0.32999998 8
0.32999998 9
0.32999998 10
0.32999998 11
0.32999998 12
0.32999998 13
0.32999998 14
0.32999998 15
0.32999998 16
0.32999998 17
0.32999998 18
0.32999998 19
0.32999998 20
0.33999997 1
0.33999997 2
0.33999997 3
0.33999997 4
0.33999997 5
0.33999997 6
0.33999997 7
0.33999997 8
0.33999997 9
0.33999997 10
0.33999997 11
0.33999997 12
0.33999997 13
0.33999997 14
0.33999997 15
0.33999997 16
0.33999997 17
0.33999997 18
0.33999997 19
0.33999997 20
0.34999996 1
0.34999996 2
0.34999996 3
0.34999996 4
0.34999996 5
0.34999996 6
0.34999996 7
0.34999996 8
0.34999996 9
0.34999996 10
0.34999996 11
0.34999996 12
0.34999996 13
0.34999996 14
0.34999996 15
0.34999996 16
0.34999996 17
0.34999996 18
0.34999996 19
0.34999996 20
0.35999995 1
0.35999995 2
0.35999995 3
0.35999995 4
0.35999995 5
0.35999995 6
0.35999995 7
0.35999995 8
0.35999995 9
0.35999995 10
0.35999995 11
0.35999995 12
0.35999995 13
0.35999995 14
0.35999995 15
0.35999995 16
0.35999995 17
0.35999995 18
0.35999995 19
0.35999995 20
0.36999995 1
0.36999995 2
0.36999995 3
0.36999995 4
0.36999995 5
0.36999995 6
0.36999995 7
0.36999995 8
0.36999995 9
0.36999995 10
0.36999995 11
0.36999995 12
0.36999995 13
0.36999995 14
0.36999995 15
0.36999995 16
0.36999995 17
0.36999995 18
0.36999995 19
0.36999995 20
0.37999994 1
0.37999994 2
0.37999994 3
0.37999994 4
0.37999994 5
0.37999994 6
0.37999994 7
0.37999994 8
0.37999994 9
0.37999994 10
0.37999994 11
0.37999994 12
0.37999994 13
0.37999994 14
0.37999994 15
0.37999994 16
0.37999994 17
0.37999994 18
0.37999994 19
0.37999994 20
0.38999993 1
0.38999993 2
0.38999993 3
0.38999993 4
0.38999993 5
0.38999993 6
0.38999993 7
0.38999993 8
0.38999993 9
0.38999993 10
0.38999993 11
0.38999993 12
0.38999993 13
0.38999993 14
0.38999993 15
0.38999993 16
0.38999993 17
0.38999993 18
0.38999993 19
0.38999993 20
0.39999992 1
0.39999992 2
0.39999992 3
0.39999992 4
0.39999992 5
0.39999992 6
0.39999992 7
0.39999992 8
0.39999992 9
0.39999992 10
0.39999992 11
0.39999992 12
0.39999992 13
0.39999992 14
0.39999992 15
0.39999992 16
0.39999992 17
0.39999992 18
0.39999992 19
0.39999992 20
0.4099999 1
0.4099999 2
0.4099999 3
0.4099999 4
0.4099999 5
0.4099999 6
0.4099999 7
0.4099999 8
0.4099999 9
0.4099999 10
0.4099999 11
0.4099999 12
0.4099999 13
0.4099999 14
0.4099999 15
0.4099999 16
0.4099999 17
0.4099999 18
0.4099999 19
0.4099999 20
0.4199999 1
0.4199999 2
0.4199999 3
0.4199999 4
0.4199999 5
0.4199999 6
0.4199999 7
0.4199999 8
0.4199999 9
0.4199999 10
0.4199999 11
0.4199999 12
0.4199999 13
0.4199999 14
0.4199999 15
0.4199999 16
0.4199999 17
0.4199999 18
0.4199999 19
0.4199999 20
0.4299999 1
0.4299999 2
0.4299999 3
0.4299999 4
0.4299999 5
0.4299999 6
0.4299999 7
0.4299999 8
0.4299999 9
0.4299999 10
0.4299999 11
0.4299999 12
0.4299999 13
0.4299999 14
0.4299999 15
0.4299999 16
0.4299999 17
0.4299999 18
0.4299999 19
0.4299999 20
0.43999988 1
0.43999988 2
0.43999988 3
0.43999988 4
0.43999988 5
0.43999988 6
0.43999988 7
0.43999988 8
0.43999988 9
0.43999988 10
0.43999988 11
0.43999988 12
0.43999988 13
0.43999988 14
0.43999988 15
0.43999988 16
0.43999988 17
0.43999988 18
0.43999988 19
0.43999988 20
0.44999987 1
0.44999987 2
0.44999987 3
0.44999987 4
0.44999987 5
0.44999987 6
0.44999987 7
0.44999987 8
0.44999987 9
0.44999987 10
0.44999987 11
0.44999987 12
0.44999987 13
0.44999987 14
0.44999987 15
0.44999987 16
0.44999987 17
0.44999987 18
0.44999987 19
0.44999987 20
0.45999986 1
0.45999986 2
0.45999986 3
0.45999986 4
0.45999986 5
0.45999986 6
0.45999986 7
0.45999986 8
0.45999986 9
0.45999986 10
0.45999986 11
0.45999986 12
0.45999986 13
0.45999986 14
0.45999986 15
0.45999986 16
0.45999986 17
0.45999986 18
0.45999986 19
0.45999986 20
0.46999985 1
0.46999985 2
0.46999985 3
0.46999985 4
0.46999985 5
0.46999985 6
0.46999985 7
0.46999985 8
0.46999985 9
0.46999985 10
0.46999985 11
0.46999985 12
0.46999985 13
0.46999985 14
0.46999985 15
0.46999985 16
0.46999985 17
0.46999985 18
0.46999985 19
0.46999985 20
0.47999984 1
0.47999984 2
0.47999984 3
0.47999984 4
0.47999984 5
0.47999984 6
0.47999984 7
0.47999984 8
0.47999984 9
0.47999984 10
0.47999984 11
0.47999984 12
0.47999984 13
0.47999984 14
0.47999984 15
0.47999984 16
0.47999984 17
0.47999984 18
0.47999984 19
0.47999984 20
0.48999983 1
0.48999983 2
0.48999983 3
0.48999983 4
0.48999983 5
0.48999983 6
0.48999983 7
0.48999983 8
0.48999983 9
0.48999983 10
0.48999983 11
0.48999983 12
0.48999983 13
0.48999983 14
0.48999983 15
0.48999983 16
0.48999983 17
0.48999983 18
0.48999983 19
0.48999983 20
0.49999982 1
0.49999982 2
0.49999982 3
0.49999982 4
0.49999982 5
0.49999982 6
0.49999982 7
0.49999982 8
0.49999982 9
0.49999982 10
0.49999982 11
0.49999982 12
0.49999982 13
0.49999982 14
0.49999982 15
0.49999982 16
0.49999982 17
0.49999982 18
0.49999982 19
0.49999982 20
0.5099998 1
0.5099998 2
0.5099998 3
0.5099998 4
0.5099998 5
0.5099998 6
0.5099998 7
0.5099998 8
0.5099998 9
0.5099998 10
0.5099998 11
0.5099998 12
0.5099998 13
0.5099998 14
0.5099998 15
0.5099998 16
0.5099998 17
0.5099998 18
0.5099998 19
0.5099998 20
0.5199998 1
0.5199998 2
0.5199998 3
0.5199998 4
0.5199998 5
0.5199998 6
0.5199998 7
0.5199998 8
0.5199998 9
0.5199998 10
0.5199998 11
0.5199998 12
0.5199998 13
0.5199998 14
0.5199998 15
0.5199998 16
0.5199998 17
0.5199998 18
0.5199998 19
0.5199998 20
0.5299998 1
0.5299998 2
0.5299998 3
0.5299998 4
0.5299998 5
0.5299998 6
0.5299998 7
0.5299998 8
0.5299998 9
0.5299998 10
0.5299998 11
0.5299998 12
0.5299998 13
0.5299998 14
0.5299998 15
0.5299998 16
0.5299998 17
0.5299998 18
0.5299998 19
0.5299998 20
0.5399998 1
0.5399998 2
0.5399998 3
0.5399998 4
0.5399998 5
0.5399998 6
0.5399998 7
0.5399998 8
0.5399998 9
0.5399998 10
0.5399998 11
0.5399998 12
0.5399998 13
0.5399998 14
0.5399998 15
0.5399998 16
0.5399998 17
0.5399998 18
0.5399998 19
0.5399998 20
0.5499998 1
0.5499998 2
0.5499998 3
0.5499998 4
0.5499998 5
0.5499998 6
0.5499998 7
0.5499998 8
0.5499998 9
0.5499998 10
0.5499998 11
0.5499998 12
0.5499998 13
0.5499998 14
0.5499998 15
0.5499998 16
0.5499998 17
0.5499998 18
0.5499998 19
0.5499998 20
0.55999976 1
0.55999976 2
0.55999976 3
0.55999976 4
0.55999976 5
0.55999976 6
0.55999976 7
0.55999976 8
0.55999976 9
0.55999976 10
0.55999976 11
0.55999976 12
0.55999976 13
0.55999976 14
0.55999976 15
0.55999976 16
0.55999976 17
0.55999976 18
0.55999976 19
0.55999976 20
0.56999975 1
0.56999975 2
0.56999975 3
0.56999975 4
0.56999975 5
0.56999975 6
0.56999975 7
0.56999975 8
0.56999975 9
0.56999975 10
0.56999975 11
0.56999975 12
0.56999975 13
0.56999975 14
0.56999975 15
0.56999975 16
0.56999975 17
0.56999975 18
0.56999975 19
0.56999975 20
0.57999974 1
0.57999974 2
0.57999974 3
0.57999974 4
0.57999974 5
0.57999974 6
0.57999974 7
0.57999974 8
0.57999974 9
0.57999974 10
0.57999974 11
0.57999974 12
0.57999974 13
0.57999974 14
0.57999974 15
0.57999974 16
0.57999974 17
0.57999974 18
0.57999974 19
0.57999974 20
0.58999974 1
0.58999974 2
0.58999974 3
0.58999974 4
0.58999974 5
0.58999974 6
0.58999974 7
0.58999974 8
0.58999974 9
0.58999974 10
0.58999974 11
0.58999974 12
0.58999974 13
0.58999974 14
0.58999974 15
0.58999974 16
0.58999974 17
0.58999974 18
0.58999974 19
0.58999974 20
0.5999997 1
0.5999997 2
0.5999997 3
0.5999997 4
0.5999997 5
0.5999997 6
0.5999997 7
0.5999997 8
0.5999997 9
0.5999997 10
0.5999997 11
0.5999997 12
0.5999997 13
0.5999997 14
0.5999997 15
0.5999997 16
0.5999997 17
0.5999997 18
0.5999997 19
0.5999997 20
0.6099997 1
0.6099997 2
0.6099997 3
0.6099997 4
0.6099997 5
0.6099997 6
0.6099997 7
0.6099997 8
0.6099997 9
0.6099997 10
0.6099997 11
0.6099997 12
0.6099997 13
0.6099997 14
0.6099997 15
0.6099997 16
0.6099997 17
0.6099997 18
0.6099997 19
0.6099997 20
0.6199997 1
0.6199997 2
0.6199997 3
0.6199997 4
0.6199997 5
0.6199997 6
0.6199997 7
0.6199997 8
0.6199997 9
0.6199997 10
0.6199997 11
0.6199997 12
0.6199997 13
0.6199997 14
0.6199997 15
0.6199997 16
0.6199997 17
0.6199997 18
0.6199997 19
0.6199997 20
0.6299997 1
0.6299997 2
0.6299997 3
0.6299997 4
0.6299997 5
0.6299997 6
0.6299997 7
0.6299997 8
0.6299997 9
0.6299997 10
0.6299997 11
0.6299997 12
0.6299997 13
0.6299997 14
0.6299997 15
0.6299997 16
0.6299997 17
0.6299997 18
0.6299997 19
0.6299997 20
0.6399997 1
0.6399997 2
0.6399997 3
0.6399997 4
0.6399997 5
0.6399997 6
0.6399997 7
0.6399997 8
0.6399997 9
0.6399997 10
0.6399997 11
0.6399997 12
0.6399997 13
0.6399997 14
0.6399997 15
0.6399997 16
0.6399997 17
0.6399997 18
0.6399997 19
0.6399997 20
0.6499997 1
0.6499997 2
0.6499997 3
0.6499997 4
0.6499997 5
0.6499997 6
0.6499997 7
0.6499997 8
0.6499997 9
0.6499997 10
0.6499997 11
0.6499997 12
0.6499997 13
0.6499997 14
0.6499997 15
0.6499997 16
0.6499997 17
0.6499997 18
0.6499997 19
0.6499997 20
0.65999967 1
0.65999967 2
0.65999967 3
0.65999967 4
0.65999967 5
0.65999967 6
0.65999967 7
0.65999967 8
0.65999967 9
0.65999967 10
0.65999967 11
0.65999967 12
0.65999967 13
0.65999967 14
0.65999967 15
0.65999967 16
0.65999967 17
0.65999967 18
0.65999967 19
0.65999967 20
0.66999966 1
0.66999966 2
0.66999966 3
0.66999966 4
0.66999966 5
0.66999966 6
0.66999966 7
0.66999966 8
0.66999966 9
0.66999966 10
0.66999966 11
0.66999966 12
0.66999966 13
0.66999966 14
0.66999966 15
0.66999966 16
0.66999966 17
0.66999966 18
0.66999966 19
0.66999966 20
0.67999965 1
0.67999965 2
0.67999965 3
0.67999965 4
0.67999965 5
0.67999965 6
0.67999965 7
0.67999965 8
0.67999965 9
0.67999965 10
0.67999965 11
0.67999965 12
0.67999965 13
0.67999965 14
0.67999965 15
0.67999965 16
0.67999965 17
0.67999965 18
0.67999965 19
0.67999965 20
0.68999964 1
0.68999964 2
0.68999964 3
0.68999964 4
0.68999964 5
0.68999964 6
0.68999964 7
0.68999964 8
0.68999964 9
0.68999964 10
0.68999964 11
0.68999964 12
0.68999964 13
0.68999964 14
0.68999964 15
0.68999964 16
0.68999964 17
0.68999964 18
0.68999964 19
0.68999964 20
0.69999963 1
0.69999963 2
0.69999963 3
0.69999963 4
0.69999963 5
0.69999963 6
0.69999963 7
0.69999963 8
0.69999963 9
0.69999963 10
0.69999963 11
0.69999963 12
0.69999963 13
0.69999963 14
0.69999963 15
0.69999963 16
0.69999963 17
0.69999963 18
0.69999963 19
0.69999963 20
0.7099996 1
0.7099996 2
0.7099996 3
0.7099996 4
0.7099996 5
0.7099996 6
0.7099996 7
0.7099996 8
0.7099996 9
0.7099996 10
0.7099996 11
0.7099996 12
0.7099996 13
0.7099996 14
0.7099996 15
0.7099996 16
0.7099996 17
0.7099996 18
0.7099996 19
0.7099996 20
0.7199996 1
0.7199996 2
0.7199996 3
0.7199996 4
0.7199996 5
0.7199996 6
0.7199996 7
0.7199996 8
0.7199996 9
0.7199996 10
0.7199996 11
0.7199996 12
0.7199996 13
0.7199996 14
0.7199996 15
0.7199996 16
0.7199996 17
0.7199996 18
0.7199996 19
0.7199996 20
0.7299996 1
0.7299996 2
0.7299996 3
0.7299996 4
0.7299996 5
0.7299996 6
0.7299996 7
0.7299996 8
0.7299996 9
0.7299996 10
0.7299996 11
0.7299996 12
0.7299996 13
0.7299996 14
0.7299996 15
0.7299996 16
0.7299996 17
0.7299996 18
0.7299996 19
0.7299996 20
0.7399996 1
0.7399996 2
0.7399996 3
0.7399996 4
0.7399996 5
0.7399996 6
0.7399996 7
0.7399996 8
0.7399996 9
0.7399996 10
0.7399996 11
0.7399996 12
0.7399996 13
0.7399996 14
0.7399996 15
0.7399996 16
0.7399996 17
0.7399996 18
0.7399996 19
0.7399996 20
0.7499996 1
0.7499996 2
0.7499996 3
0.7499996 4
0.7499996 5
0.7499996 6
0.7499996 7
0.7499996 8
0.7499996 9
0.7499996 10
0.7499996 11
0.7499996 12
0.7499996 13
0.7499996 14
0.7499996 15
0.7499996 16
0.7499996 17
0.7499996 18
0.7499996 19
0.7499996 20
0.7599996 1
0.7599996 2
0.7599996 3
0.7599996 4
0.7599996 5
0.7599996 6
0.7599996 7
0.7599996 8
0.7599996 9
0.7599996 10
0.7599996 11
0.7599996 12
0.7599996 13
0.7599996 14
0.7599996 15
0.7599996 16
0.7599996 17
0.7599996 18
0.7599996 19
0.7599996 20
0.76999956 1
0.76999956 2
0.76999956 3
0.76999956 4
0.76999956 5
0.76999956 6
0.76999956 7
0.76999956 8
0.76999956 9
0.76999956 10
0.76999956 11
0.76999956 12
0.76999956 13
0.76999956 14
0.76999956 15
0.76999956 16
0.76999956 17
0.76999956 18
0.76999956 19
0.76999956 20
0.77999955 1
0.77999955 2
0.77999955 3
0.77999955 4
0.77999955 5
0.77999955 6
0.77999955 7
0.77999955 8
0.77999955 9
0.77999955 10
0.77999955 11
0.77999955 12
0.77999955 13
0.77999955 14
0.77999955 15
0.77999955 16
0.77999955 17
0.77999955 18
0.77999955 19
0.77999955 20
0.78999954 1
0.78999954 2
0.78999954 3
0.78999954 4
0.78999954 5
0.78999954 6
0.78999954 7
0.78999954 8
0.78999954 9
0.78999954 10
0.78999954 11
0.78999954 12
0.78999954 13
0.78999954 14
0.78999954 15
0.78999954 16
0.78999954 17
0.78999954 18
0.78999954 19
0.78999954 20
0.79999954 1
0.79999954 2
0.79999954 3
0.79999954 4
0.79999954 5
0.79999954 6
0.79999954 7
0.79999954 8
0.79999954 9
0.79999954 10
0.79999954 11
0.79999954 12
0.79999954 13
0.79999954 14
0.79999954 15
0.79999954 16
0.79999954 17
0.79999954 18
0.79999954 19
0.79999954 20
0.8099995 1
0.8099995 2
0.8099995 3
0.8099995 4
0.8099995 5
0.8099995 6
0.8099995 7
0.8099995 8
0.8099995 9
0.8099995 10
0.8099995 11
0.8099995 12
0.8099995 13
0.8099995 14
0.8099995 15
0.8099995 16
0.8099995 17
0.8099995 18
0.8099995 19
0.8099995 20
0.8199995 1
0.8199995 2
0.8199995 3
0.8199995 4
0.8199995 5
0.8199995 6
0.8199995 7
0.8199995 8
0.8199995 9
0.8199995 10
0.8199995 11
0.8199995 12
0.8199995 13
0.8199995 14
0.8199995 15
0.8199995 16
0.8199995 17
0.8199995 18
0.8199995 19
0.8199995 20
0.8299995 1
0.8299995 2
0.8299995 3
0.8299995 4
0.8299995 5
0.8299995 6
0.8299995 7
0.8299995 8
0.8299995 9
0.8299995 10
0.8299995 11
0.8299995 12
0.8299995 13
0.8299995 14
0.8299995 15
0.8299995 16
0.8299995 17
0.8299995 18
0.8299995 19
0.8299995 20
0.8399995 1
0.8399995 2
0.8399995 3
0.8399995 4
0.8399995 5
0.8399995 6
0.8399995 7
0.8399995 8
0.8399995 9
0.8399995 10
0.8399995 11
0.8399995 12
0.8399995 13
0.8399995 14
0.8399995 15
0.8399995 16
0.8399995 17
0.8399995 18
0.8399995 19
0.8399995 20
0.8499995 1
0.8499995 2
0.8499995 3
0.8499995 4
0.8499995 5
0.8499995 6
0.8499995 7
0.8499995 8
0.8499995 9
0.8499995 10
0.8499995 11
0.8499995 12
0.8499995 13
0.8499995 14
0.8499995 15
0.8499995 16
0.8499995 17
0.8499995 18
0.8499995 19
0.8499995 20
0.8599995 1
0.8599995 2
0.8599995 3
0.8599995 4
0.8599995 5
0.8599995 6
0.8599995 7
0.8599995 8
0.8599995 9
0.8599995 10
0.8599995 11
0.8599995 12
0.8599995 13
0.8599995 14
0.8599995 15
0.8599995 16
0.8599995 17
0.8599995 18
0.8599995 19
0.8599995 20
0.86999947 1
0.86999947 2
0.86999947 3
0.86999947 4
0.86999947 5
0.86999947 6
0.86999947 7
0.86999947 8
0.86999947 9
0.86999947 10
0.86999947 11
0.86999947 12
0.86999947 13
0.86999947 14
0.86999947 15
0.86999947 16
0.86999947 17
0.86999947 18
0.86999947 19
0.86999947 20
0.87999946 1
0.87999946 2
0.87999946 3
0.87999946 4
0.87999946 5
0.87999946 6
0.87999946 7
0.87999946 8
0.87999946 9
0.87999946 10
0.87999946 11
0.87999946 12
0.87999946 13
0.87999946 14
0.87999946 15
0.87999946 16
0.87999946 17
0.87999946 18
0.87999946 19
0.87999946 20
0.88999945 1
0.88999945 2
0.88999945 3
0.88999945 4
0.88999945 5
0.88999945 6
0.88999945 7
0.88999945 8
0.88999945 9
0.88999945 10
0.88999945 11
0.88999945 12
0.88999945 13
0.88999945 14
0.88999945 15
0.88999945 16
0.88999945 17
0.88999945 18
0.88999945 19
0.88999945 20
0.89999944 1
0.89999944 2
0.89999944 3
0.89999944 4
0.89999944 5
0.89999944 6
0.89999944 7
0.89999944 8
0.89999944 9
0.89999944 10
0.89999944 11
0.89999944 12
0.89999944 13
0.89999944 14
0.89999944 15
0.89999944 16
0.89999944 17
0.89999944 18
0.89999944 19
0.89999944 20
0.90999943 1
0.90999943 2
0.90999943 3
0.90999943 4
0.90999943 5
0.90999943 6
0.90999943 7
0.90999943 8
0.90999943 9
0.90999943 10
0.90999943 11
0.90999943 12
0.90999943 13
0.90999943 14
0.90999943 15
0.90999943 16
0.90999943 17
0.90999943 18
0.90999943 19
0.90999943 20
0.9199994 1
0.9199994 2
0.9199994 3
0.9199994 4
0.9199994 5
0.9199994 6
0.9199994 7
0.9199994 8
0.9199994 9
0.9199994 10
0.9199994 11
0.9199994 12
0.9199994 13
0.9199994 14
0.9199994 15
0.9199994 16
0.9199994 17
0.9199994 18
0.9199994 19
0.9199994 20
0.9299994 1
0.9299994 2
0.9299994 3
0.9299994 4
0.9299994 5
0.9299994 6
0.9299994 7
0.9299994 8
0.9299994 9
0.9299994 10
0.9299994 11
0.9299994 12
0.9299994 13
0.9299994 14
0.9299994 15
0.9299994 16
0.9299994 17
0.9299994 18
0.9299994 19
0.9299994 20
0.9399994 1
0.9399994 2
0.9399994 3
0.9399994 4
0.9399994 5
0.9399994 6
0.9399994 7
0.9399994 8
0.9399994 9
0.9399994 10
0.9399994 11
0.9399994 12
0.9399994 13
0.9399994 14
0.9399994 15
0.9399994 16
0.9399994 17
0.9399994 18
0.9399994 19
0.9399994 20
0.9499994 1
0.9499994 2
0.9499994 3
0.9499994 4
0.9499994 5
0.9499994 6
0.9499994 7
0.9499994 8
0.9499994 9
0.9499994 10
0.9499994 11
0.9499994 12
0.9499994 13
0.9499994 14
0.9499994 15
0.9499994 16
0.9499994 17
0.9499994 18
0.9499994 19
0.9499994 20
0.9599994 1
0.9599994 2
0.9599994 3
0.9599994 4
0.9599994 5
0.9599994 6
0.9599994 7
0.9599994 8
0.9599994 9
0.9599994 10
0.9599994 11
0.9599994 12
0.9599994 13
0.9599994 14
0.9599994 15
0.9599994 16
0.9599994 17
0.9599994 18
0.9599994 19
0.9599994 20
0.9699994 1
0.9699994 2
0.9699994 3
0.9699994 4
0.9699994 5
0.9699994 6
0.9699994 7
0.9699994 8
0.9699994 9
0.9699994 10
0.9699994 11
0.9699994 12
0.9699994 13
0.9699994 14
0.9699994 15
0.9699994 16
0.9699994 17
0.9699994 18
0.9699994 19
0.9699994 20
0.97999936 1
0.97999936 2
0.97999936 3
0.97999936 4
0.97999936 5
0.97999936 6
0.97999936 7
0.97999936 8
0.97999936 9
0.97999936 10
0.97999936 11
0.97999936 12
0.97999936 13
0.97999936 14
0.97999936 15
0.97999936 16
0.97999936 17
0.97999936 18
0.97999936 19
0.97999936 20
0.98999935 1
0.98999935 2
0.98999935 3
0.98999935 4
0.98999935 5
0.98999935 6
0.98999935 7
0.98999935 8
0.98999935 9
0.98999935 10
0.98999935 11
0.98999935 12
0.98999935 13
0.98999935 14
0.98999935 15
0.98999935 16
0.98999935 17
0.98999935 18
0.98999935 19
0.98999935 20
0.99999934 1
0.99999934 2
0.99999934 3
0.99999934 4
0.99999934 5
0.99999934 6
0.99999934 7
0.99999934 8
0.99999934 9
0.99999934 10
0.99999934 11
0.99999934 12
0.99999934 13
0.99999934 14
0.99999934 15
0.99999934 16
0.99999934 17
0.99999934 18
0.99999934 19
0.99999934 20
